date: 2025-06-27T13:57:26
N_scales: 4
base_iter: 2000
lr: 0.001
betas: (0.9, 0.999)
alpha_rec: 10.0
beta_sigma: 0.1
lambda_swd_init: [0.4000000059604645, 0.699999988079071, 1.0]
lamda_swd_total: 1.0
r: 2
comment: Entraînement rapide SWD multi-échelle + MSE, sans discriminateur.
