date: 2025-06-21T19:04:53
N_scales: 5
base_iter: 2000
lr: 0.001
betas: (0.9, 0.999)
alpha_rec: 10.0
beta_sigma: 0.1
lambda_swd_init: [0.4000000059604645, 0.699999988079071, 1.0]
lamda_swd_total: 1.0
lambda_hf_base: 0.05
lambda_hf_last: 0.2
r: 1.8
comment: Entraînement rapide SWD multi-échelle + HF + MSE, sans discriminateur.
